408.629442,442.681895,476.734349
1157.783418,1259.940778,1430.203046
2111.252115,2213.409475,2315.566836
2758.248731,2860.406091,3098.773266
3098.773266,3234.983080,3439.297800
5039.763113,5107.868020,5244.077834
5652.707276,5720.812183,5857.021997,p
6163.494078,6231.598985,6401.861252
7287.225042,7423.434856,7559.644670,p
8717.428088,8819.585448,9023.900169
9432.529611,9534.686971,9739.001692
11645.939086,11782.148900,11952.411168
14029.610829,14131.768190,14302.030457
15493.866328,15596.023689,15766.285956
17434.856176,17537.013536,17673.223350,p
18218.062606,18388.324873,18626.692047
20840.101523,20942.258883,21180.626058,p
21282.783418,21384.940778,21555.203046,p
23734.560068,23836.717428,24006.979695
27173.857868,27276.015228,27446.277496
32281.725888,32349.830795,32724.407783
34835.659898,34971.869712,35210.236887
35823.181049,35925.338409,36197.758037
36810.702200,36946.912014,37049.069374
37559.856176,37662.013536,37798.223350
39671.108291,39807.318105,39943.527919
40318.104907,40420.262267,40624.576988
41101.311337,41169.416244,41237.521151,p
42531.514382,42633.671743,42769.881557
43825.507614,44029.822335,44268.189509
44983.291032,45119.500846,45391.920474
46617.808799,46719.966159,47026.438240
51248.942470,51385.152284,51691.624365
